0,273
0,270
10,88
10,280
10,184
10,194
10,268
10,150
11,14
11,8
11,12
11,16
8,18
14,1
14,3
45,4
45,3
45,2
45,1
45,0
43,3
43,2
43,1
43,0
20,3
20,2
20,1
19,3
19,2
19,1
18,3
18,1
13,3
13,1
12,3
12,2
12,1
11,27
11,26
11,25
11,24
11,22
11,21
11,20
11,19
11,15
11,13
11,11
11,10
11,9
11,7
11,6
11,5
11,4
11,3
11,2
11,1
10,290
10,287
10,282
10,278
10,257
10,256
10,254
10,251
10,243
10,227
10,220
10,204
10,203
10,196
10,180
10,170
10,169
10,164
10,145
10,143
10,123
10,118
10,109
10,106
10,96
10,81
10,79
10,77
10,74
10,65
10,29
10,3
10,2
10,1
9,7
9,6
9,5
9,4
9,3
9,2
9,1
8,17
8,16
8,15
8,13
8,12
8,11
8,10
8,9
8,8
8,7
